service_id,date,exception_type
195136,20260401,2
195136,20260101,2
195136,20260216,2
195136,20260311,2
195136,20260501,2
195136,20250624,2
195136,20250706,2
195136,20250815,2
195136,20251101,2
195136,20251102,2
195136,20251224,2
195136,20251225,2
195136,20251226,2
192103,20260401,1
192103,20260101,1
192103,20260216,1
192103,20260311,1
192103,20260501,1
192103,20250624,1
192103,20250706,1
192103,20250815,1
192103,20251101,1
192103,20251102,1
192103,20251224,1
192103,20251225,1
192103,20251226,1
195265,20260401,2
195265,20260101,2
195265,20260216,2
195265,20260311,2
195265,20260501,2
195265,20250624,2
195265,20250706,2
195265,20250815,2
195265,20251101,2
195265,20251102,2
195265,20251224,2
195265,20251225,2
195265,20251226,2
173162,20260401,1
173162,20260101,1
173162,20260216,1
173162,20260311,1
173162,20260501,1
173162,20250624,1
173162,20250706,1
173162,20250815,1
173162,20251101,1
173162,20251102,1
173162,20251224,1
173162,20251225,1
173162,20251226,1
195267,20260401,2
195267,20260101,2
195267,20260216,2
195267,20260311,2
195267,20260501,2
195267,20250624,2
195267,20250706,2
195267,20250815,2
195267,20251101,2
195267,20251102,2
195267,20251224,2
195267,20251225,2
195267,20251226,2
172691,20260401,1
172691,20260101,1
172691,20260216,1
172691,20260311,1
172691,20260501,1
172691,20250624,1
172691,20250706,1
172691,20250815,1
172691,20251101,1
172691,20251102,1
172691,20251224,1
172691,20251225,1
172691,20251226,1
198437,20260401,2
198437,20260101,2
198437,20260216,2
198437,20260311,2
198437,20260501,2
198437,20250624,2
198437,20250706,2
198437,20250815,2
198437,20251101,2
198437,20251102,2
198437,20251224,2
198437,20251225,2
198437,20251226,2
201275,20260401,2
201275,20260101,2
201275,20260216,2
201275,20260311,2
201275,20260501,2
201275,20250624,2
201275,20250706,2
201275,20250815,2
201275,20251101,2
201275,20251102,2
201275,20251224,2
201275,20251225,2
201275,20251226,2
196136,20260401,1
196136,20260101,1
196136,20260216,1
196136,20260311,1
196136,20260501,1
196136,20250624,1
196136,20250706,1
196136,20250815,1
196136,20251101,1
196136,20251102,1
196136,20251224,1
196136,20251225,1
196136,20251226,1
195269,20260401,2
195269,20260101,2
195269,20260216,2
195269,20260311,2
195269,20260501,2
195269,20250624,2
195269,20250706,2
195269,20250815,2
195269,20251101,2
195269,20251102,2
195269,20251224,2
195269,20251225,2
195269,20251226,2
211773,20260401,2
211773,20260101,2
211773,20260216,2
211773,20260311,2
211773,20260501,2
211773,20250624,2
211773,20250706,2
211773,20250815,2
211773,20251101,2
211773,20251102,2
211773,20251224,2
211773,20251225,2
211773,20251226,2
199172,20260401,2
199172,20260101,2
199172,20260216,2
199172,20260311,2
199172,20260501,2
199172,20250624,2
199172,20250706,2
199172,20250815,2
199172,20251101,2
199172,20251102,2
199172,20251224,2
199172,20251225,2
199172,20251226,2
199171,20260401,2
199171,20260101,2
199171,20260216,2
199171,20260311,2
199171,20260501,2
199171,20250624,2
199171,20250706,2
199171,20250815,2
199171,20251101,2
199171,20251102,2
199171,20251224,2
199171,20251225,2
199171,20251226,2
174884,20260401,1
174884,20260101,1
174884,20260216,1
174884,20260311,1
174884,20260501,1
174884,20250624,1
174884,20250706,1
174884,20250815,1
174884,20251101,1
174884,20251102,1
174884,20251224,1
174884,20251225,1
174884,20251226,1
210210,20260401,1
210210,20260101,1
210210,20260216,1
210210,20260311,1
210210,20260501,1
210210,20250624,1
210210,20250706,1
210210,20250815,1
210210,20251101,1
210210,20251102,1
210210,20251224,1
210210,20251225,1
210210,20251226,1
210208,20260401,2
210208,20260101,2
210208,20260216,2
210208,20260311,2
210208,20260501,2
210208,20250624,2
210208,20250706,2
210208,20250815,2
210208,20251101,2
210208,20251102,2
210208,20251224,2
210208,20251225,2
210208,20251226,2
210209,20260401,2
210209,20260101,2
210209,20260216,2
210209,20260311,2
210209,20260501,2
210209,20250624,2
210209,20250706,2
210209,20250815,2
210209,20251101,2
210209,20251102,2
210209,20251224,2
210209,20251225,2
210209,20251226,2
207570,20260401,2
207570,20260101,2
207570,20260216,2
207570,20260311,2
207570,20260501,2
207570,20250624,2
207570,20250706,2
207570,20250815,2
207570,20251101,2
207570,20251102,2
207570,20251224,2
207570,20251225,2
207570,20251226,2
199035,20260401,1
199035,20260101,1
199035,20260216,1
199035,20260311,1
199035,20260501,1
199035,20250624,1
199035,20250706,1
199035,20250815,1
199035,20251101,1
199035,20251102,1
199035,20251224,1
199035,20251225,1
199035,20251226,1
195571,20260401,2
195571,20260101,2
195571,20260216,2
195571,20260311,2
195571,20260501,2
195571,20250624,2
195571,20250706,2
195571,20250815,2
195571,20251101,2
195571,20251102,2
195571,20251224,2
195571,20251225,2
195571,20251226,2
147920,20260401,1
147920,20260101,1
147920,20260216,1
147920,20260311,1
147920,20260501,1
147920,20250624,1
147920,20250706,1
147920,20250815,1
147920,20251101,1
147920,20251102,1
147920,20251224,1
147920,20251225,1
147920,20251226,1
195572,20260401,2
195572,20260101,2
195572,20260216,2
195572,20260311,2
195572,20260501,2
195572,20250624,2
195572,20250706,2
195572,20250815,2
195572,20251101,2
195572,20251102,2
195572,20251224,2
195572,20251225,2
195572,20251226,2
210349,20260401,1
210349,20260101,1
210349,20260216,1
210349,20260311,1
210349,20260501,1
210349,20250624,1
210349,20250706,1
210349,20250815,1
210349,20251101,1
210349,20251102,1
210349,20251224,1
210349,20251225,1
210349,20251226,1
209040,20260401,2
209040,20260101,2
209040,20260216,2
209040,20260311,2
209040,20260501,2
209040,20250624,2
209040,20250706,2
209040,20250815,2
209040,20251101,2
209040,20251102,2
209040,20251224,2
209040,20251225,2
209040,20251226,2
209583,20260401,2
209583,20260101,2
209583,20260216,2
209583,20260311,2
209583,20260501,2
209583,20250624,2
209583,20250706,2
209583,20250815,2
209583,20251101,2
209583,20251102,2
209583,20251224,2
209583,20251225,2
209583,20251226,2
209582,20260401,2
209582,20260101,2
209582,20260216,2
209582,20260311,2
209582,20260501,2
209582,20250624,2
209582,20250706,2
209582,20250815,2
209582,20251101,2
209582,20251102,2
209582,20251224,2
209582,20251225,2
209582,20251226,2
209581,20260401,2
209581,20260101,2
209581,20260216,2
209581,20260311,2
209581,20260501,2
209581,20250624,2
209581,20250706,2
209581,20250815,2
209581,20251101,2
209581,20251102,2
209581,20251224,2
209581,20251225,2
209581,20251226,2
209584,20260401,2
209584,20260101,2
209584,20260216,2
209584,20260311,2
209584,20260501,2
209584,20250624,2
209584,20250706,2
209584,20250815,2
209584,20251101,2
209584,20251102,2
209584,20251224,2
209584,20251225,2
209584,20251226,2
209585,20260401,2
209585,20260101,2
209585,20260216,2
209585,20260311,2
209585,20260501,2
209585,20250624,2
209585,20250706,2
209585,20250815,2
209585,20251101,2
209585,20251102,2
209585,20251224,2
209585,20251225,2
209585,20251226,2
210212,20260401,2
210212,20260101,2
210212,20260216,2
210212,20260311,2
210212,20260501,2
210212,20250624,2
210212,20250706,2
210212,20250815,2
210212,20251101,2
210212,20251102,2
210212,20251224,2
210212,20251225,2
210212,20251226,2
203352,20260401,2
203352,20260101,2
203352,20260216,2
203352,20260311,2
203352,20260501,2
203352,20250624,2
203352,20250706,2
203352,20250815,2
203352,20251101,2
203352,20251102,2
203352,20251224,2
203352,20251225,2
203352,20251226,2
198158,20260401,2
198158,20260101,2
198158,20260216,2
198158,20260311,2
198158,20260501,2
198158,20250624,2
198158,20250706,2
198158,20250815,2
198158,20251101,2
198158,20251102,2
198158,20251224,2
198158,20251225,2
198158,20251226,2
186297,20260401,1
186297,20260101,1
186297,20260216,1
186297,20260311,1
186297,20260501,1
186297,20250624,1
186297,20250706,1
186297,20250815,1
186297,20251101,1
186297,20251102,1
186297,20251224,1
186297,20251225,1
186297,20251226,1
210719,20260401,2
210719,20260101,2
210719,20260216,2
210719,20260311,2
210719,20260501,2
210719,20250624,2
210719,20250706,2
210719,20250815,2
210719,20251101,2
210719,20251102,2
210719,20251224,2
210719,20251225,2
210719,20251226,2
211166,20260401,1
211166,20260101,1
211166,20260216,1
211166,20260311,1
211166,20260501,1
211166,20250624,1
211166,20250706,1
211166,20250815,1
211166,20251101,1
211166,20251102,1
211166,20251224,1
211166,20251225,1
211166,20251226,1
195576,20260401,2
195576,20260101,2
195576,20260216,2
195576,20260311,2
195576,20260501,2
195576,20250624,2
195576,20250706,2
195576,20250815,2
195576,20251101,2
195576,20251102,2
195576,20251224,2
195576,20251225,2
195576,20251226,2
172700,20260401,1
172700,20260101,1
172700,20260216,1
172700,20260311,1
172700,20260501,1
172700,20250624,1
172700,20250706,1
172700,20250815,1
172700,20251101,1
172700,20251102,1
172700,20251224,1
172700,20251225,1
172700,20251226,1
195596,20260401,2
195596,20260101,2
195596,20260216,2
195596,20260311,2
195596,20260501,2
195596,20250624,2
195596,20250706,2
195596,20250815,2
195596,20251101,2
195596,20251102,2
195596,20251224,2
195596,20251225,2
195596,20251226,2
182602,20260401,1
182602,20260101,1
182602,20260216,1
182602,20260311,1
182602,20260501,1
182602,20250624,1
182602,20250706,1
182602,20250815,1
182602,20251101,1
182602,20251102,1
182602,20251224,1
182602,20251225,1
182602,20251226,1
195580,20260401,2
195580,20260101,2
195580,20260216,2
195580,20260311,2
195580,20260501,2
195580,20250624,2
195580,20250706,2
195580,20250815,2
195580,20251101,2
195580,20251102,2
195580,20251224,2
195580,20251225,2
195580,20251226,2
208516,20260401,2
208516,20260101,2
208516,20260216,2
208516,20260311,2
208516,20260501,2
208516,20250624,2
208516,20250706,2
208516,20250815,2
208516,20251101,2
208516,20251102,2
208516,20251224,2
208516,20251225,2
208516,20251226,2
208006,20260401,1
208006,20260101,1
208006,20260216,1
208006,20260311,1
208006,20260501,1
208006,20250624,1
208006,20250706,1
208006,20250815,1
208006,20251101,1
208006,20251102,1
208006,20251224,1
208006,20251225,1
208006,20251226,1
195582,20260401,2
195582,20260101,2
195582,20260216,2
195582,20260311,2
195582,20260501,2
195582,20250624,2
195582,20250706,2
195582,20250815,2
195582,20251101,2
195582,20251102,2
195582,20251224,2
195582,20251225,2
195582,20251226,2
158097,20260401,1
158097,20260101,1
158097,20260216,1
158097,20260311,1
158097,20260501,1
158097,20250624,1
158097,20250706,1
158097,20250815,1
158097,20251101,1
158097,20251102,1
158097,20251224,1
158097,20251225,1
158097,20251226,1
195583,20260401,2
195583,20260101,2
195583,20260216,2
195583,20260311,2
195583,20260501,2
195583,20250624,2
195583,20250706,2
195583,20250815,2
195583,20251101,2
195583,20251102,2
195583,20251224,2
195583,20251225,2
195583,20251226,2
191315,20260401,1
191315,20260101,1
191315,20260216,1
191315,20260311,1
191315,20260501,1
191315,20250624,1
191315,20250706,1
191315,20250815,1
191315,20251101,1
191315,20251102,1
191315,20251224,1
191315,20251225,1
191315,20251226,1
208515,20260401,2
208515,20260101,2
208515,20260216,2
208515,20260311,2
208515,20260501,2
208515,20250624,2
208515,20250706,2
208515,20250815,2
208515,20251101,2
208515,20251102,2
208515,20251224,2
208515,20251225,2
208515,20251226,2
208007,20260401,1
208007,20260101,1
208007,20260216,1
208007,20260311,1
208007,20260501,1
208007,20250624,1
208007,20250706,1
208007,20250815,1
208007,20251101,1
208007,20251102,1
208007,20251224,1
208007,20251225,1
208007,20251226,1
195585,20260401,2
195585,20260101,2
195585,20260216,2
195585,20260311,2
195585,20260501,2
195585,20250624,2
195585,20250706,2
195585,20250815,2
195585,20251101,2
195585,20251102,2
195585,20251224,2
195585,20251225,2
195585,20251226,2
195586,20260401,2
195586,20260101,2
195586,20260216,2
195586,20260311,2
195586,20260501,2
195586,20250624,2
195586,20250706,2
195586,20250815,2
195586,20251101,2
195586,20251102,2
195586,20251224,2
195586,20251225,2
195586,20251226,2
199166,20260401,2
199166,20260101,2
199166,20260216,2
199166,20260311,2
199166,20260501,2
199166,20250624,2
199166,20250706,2
199166,20250815,2
199166,20251101,2
199166,20251102,2
199166,20251224,2
199166,20251225,2
199166,20251226,2
192453,20260401,1
192453,20260101,1
192453,20260216,1
192453,20260311,1
192453,20260501,1
192453,20250624,1
192453,20250706,1
192453,20250815,1
192453,20251101,1
192453,20251102,1
192453,20251224,1
192453,20251225,1
192453,20251226,1
198607,20260401,2
198607,20260101,2
198607,20260216,2
198607,20260311,2
198607,20260501,2
198607,20250624,2
198607,20250706,2
198607,20250815,2
198607,20251101,2
198607,20251102,2
198607,20251224,2
198607,20251225,2
198607,20251226,2
184137,20260401,1
184137,20260101,1
184137,20260216,1
184137,20260311,1
184137,20260501,1
184137,20250624,1
184137,20250706,1
184137,20250815,1
184137,20251101,1
184137,20251102,1
184137,20251224,1
184137,20251225,1
184137,20251226,1
195589,20260401,2
195589,20260101,2
195589,20260216,2
195589,20260311,2
195589,20260501,2
195589,20250624,2
195589,20250706,2
195589,20250815,2
195589,20251101,2
195589,20251102,2
195589,20251224,2
195589,20251225,2
195589,20251226,2
184063,20260401,1
184063,20260101,1
184063,20260216,1
184063,20260311,1
184063,20260501,1
184063,20250624,1
184063,20250706,1
184063,20250815,1
184063,20251101,1
184063,20251102,1
184063,20251224,1
184063,20251225,1
184063,20251226,1
211774,20260401,2
211774,20260101,2
211774,20260216,2
211774,20260311,2
211774,20260501,2
211774,20250624,2
211774,20250706,2
211774,20250815,2
211774,20251101,2
211774,20251102,2
211774,20251224,2
211774,20251225,2
211774,20251226,2
174882,20260401,1
174882,20260101,1
174882,20260216,1
174882,20260311,1
174882,20260501,1
174882,20250624,1
174882,20250706,1
174882,20250815,1
174882,20251101,1
174882,20251102,1
174882,20251224,1
174882,20251225,1
174882,20251226,1
195590,20260401,2
195590,20260101,2
195590,20260216,2
195590,20260311,2
195590,20260501,2
195590,20250624,2
195590,20250706,2
195590,20250815,2
195590,20251101,2
195590,20251102,2
195590,20251224,2
195590,20251225,2
195590,20251226,2
182209,20260401,1
182209,20260101,1
182209,20260216,1
182209,20260311,1
182209,20260501,1
182209,20250624,1
182209,20250706,1
182209,20250815,1
182209,20251101,1
182209,20251102,1
182209,20251224,1
182209,20251225,1
182209,20251226,1
181917,20260401,2
181917,20260101,2
181917,20260216,2
181917,20260311,2
181917,20260501,2
181917,20250624,2
181917,20250706,2
181917,20250815,2
181917,20251101,2
181917,20251102,2
181917,20251224,2
181917,20251225,2
181917,20251226,2
181918,20260401,1
181918,20260101,1
181918,20260216,1
181918,20260311,1
181918,20260501,1
181918,20250624,1
181918,20250706,1
181918,20250815,1
181918,20251101,1
181918,20251102,1
181918,20251224,1
181918,20251225,1
181918,20251226,1
181916,20260401,1
181916,20260101,1
181916,20260216,1
181916,20260311,1
181916,20260501,1
181916,20250624,1
181916,20250706,1
181916,20250815,1
181916,20251101,1
181916,20251102,1
181916,20251224,1
181916,20251225,1
181916,20251226,1
181915,20260401,2
181915,20260101,2
181915,20260216,2
181915,20260311,2
181915,20260501,2
181915,20250624,2
181915,20250706,2
181915,20250815,2
181915,20251101,2
181915,20251102,2
181915,20251224,2
181915,20251225,2
181915,20251226,2
205501,20260401,1
205501,20260101,1
205501,20260216,1
205501,20260311,1
205501,20260501,1
205501,20250624,1
205501,20250706,1
205501,20250815,1
205501,20251101,1
205501,20251102,1
205501,20251224,1
205501,20251225,1
205501,20251226,1
205500,20260401,2
205500,20260101,2
205500,20260216,2
205500,20260311,2
205500,20260501,2
205500,20250624,2
205500,20250706,2
205500,20250815,2
205500,20251101,2
205500,20251102,2
205500,20251224,2
205500,20251225,2
205500,20251226,2
206683,20260401,1
206683,20260101,1
206683,20260216,1
206683,20260311,1
206683,20260501,1
206683,20250624,1
206683,20250706,1
206683,20250815,1
206683,20251101,1
206683,20251102,1
206683,20251224,1
206683,20251225,1
206683,20251226,1
202389,20260401,2
202389,20260101,2
202389,20260216,2
202389,20260311,2
202389,20260501,2
202389,20250624,2
202389,20250706,2
202389,20250815,2
202389,20251101,2
202389,20251102,2
202389,20251224,2
202389,20251225,2
202389,20251226,2
203279,20260401,2
203279,20260101,2
203279,20260216,2
203279,20260311,2
203279,20260501,2
203279,20250624,2
203279,20250706,2
203279,20250815,2
203279,20251101,2
203279,20251102,2
203279,20251224,2
203279,20251225,2
203279,20251226,2
198365,20260401,1
198365,20260101,1
198365,20260216,1
198365,20260311,1
198365,20260501,1
198365,20250624,1
198365,20250706,1
198365,20250815,1
198365,20251101,1
198365,20251102,1
198365,20251224,1
198365,20251225,1
198365,20251226,1
210788,20260401,2
210788,20260101,2
210788,20260216,2
210788,20260311,2
210788,20260501,2
210788,20250624,2
210788,20250706,2
210788,20250815,2
210788,20251101,2
210788,20251102,2
210788,20251224,2
210788,20251225,2
210788,20251226,2
210787,20260401,2
210787,20260101,2
210787,20260216,2
210787,20260311,2
210787,20260501,2
210787,20250624,2
210787,20250706,2
210787,20250815,2
210787,20251101,2
210787,20251102,2
210787,20251224,2
210787,20251225,2
210787,20251226,2
194178,20260401,1
194178,20260101,1
194178,20260216,1
194178,20260311,1
194178,20260501,1
194178,20250624,1
194178,20250706,1
194178,20250815,1
194178,20251101,1
194178,20251102,1
194178,20251224,1
194178,20251225,1
194178,20251226,1
206751,20260401,1
206751,20260101,1
206751,20260216,1
206751,20260311,1
206751,20260501,1
206751,20250624,1
206751,20250706,1
206751,20250815,1
206751,20251101,1
206751,20251102,1
206751,20251224,1
206751,20251225,1
206751,20251226,1
206749,20260401,2
206749,20260101,2
206749,20260216,2
206749,20260311,2
206749,20260501,2
206749,20250624,2
206749,20250706,2
206749,20250815,2
206749,20251101,2
206749,20251102,2
206749,20251224,2
206749,20251225,2
206749,20251226,2
209429,20260401,2
209429,20260101,2
209429,20260216,2
209429,20260311,2
209429,20260501,2
209429,20250624,2
209429,20250706,2
209429,20250815,2
209429,20251101,2
209429,20251102,2
209429,20251224,2
209429,20251225,2
209429,20251226,2
198363,20260401,1
198363,20260101,1
198363,20260216,1
198363,20260311,1
198363,20260501,1
198363,20250624,1
198363,20250706,1
198363,20250815,1
198363,20251101,1
198363,20251102,1
198363,20251224,1
198363,20251225,1
198363,20251226,1
195594,20260401,2
195594,20260101,2
195594,20260216,2
195594,20260311,2
195594,20260501,2
195594,20250624,2
195594,20250706,2
195594,20250815,2
195594,20251101,2
195594,20251102,2
195594,20251224,2
195594,20251225,2
195594,20251226,2
192295,20260401,1
192295,20260101,1
192295,20260216,1
192295,20260311,1
192295,20260501,1
192295,20250624,1
192295,20250706,1
192295,20250815,1
192295,20251101,1
192295,20251102,1
192295,20251224,1
192295,20251225,1
192295,20251226,1
202257,20260401,2
202257,20260101,2
202257,20260216,2
202257,20260311,2
202257,20260501,2
202257,20250624,2
202257,20250706,2
202257,20250815,2
202257,20251101,2
202257,20251102,2
202257,20251224,2
202257,20251225,2
202257,20251226,2
165270,20260401,1
165270,20260101,1
165270,20260216,1
165270,20260311,1
165270,20260501,1
165270,20250624,1
165270,20250706,1
165270,20250815,1
165270,20251101,1
165270,20251102,1
165270,20251224,1
165270,20251225,1
165270,20251226,1
204595,20260401,1
204595,20260101,1
204595,20260216,1
204595,20260311,1
204595,20260501,1
204595,20250624,1
204595,20250706,1
204595,20250815,1
204595,20251101,1
204595,20251102,1
204595,20251224,1
204595,20251225,1
204595,20251226,1
204594,20260401,2
204594,20260101,2
204594,20260216,2
204594,20260311,2
204594,20260501,2
204594,20250624,2
204594,20250706,2
204594,20250815,2
204594,20251101,2
204594,20251102,2
204594,20251224,2
204594,20251225,2
204594,20251226,2
202021,20260401,2
202021,20260101,2
202021,20260216,2
202021,20260311,2
202021,20260501,2
202021,20250624,2
202021,20250706,2
202021,20250815,2
202021,20251101,2
202021,20251102,2
202021,20251224,2
202021,20251225,2
202021,20251226,2
185405,20260401,1
185405,20260101,1
185405,20260216,1
185405,20260311,1
185405,20260501,1
185405,20250624,1
185405,20250706,1
185405,20250815,1
185405,20251101,1
185405,20251102,1
185405,20251224,1
185405,20251225,1
185405,20251226,1
199673,20260401,2
199673,20260101,2
199673,20260216,2
199673,20260311,2
199673,20260501,2
199673,20250624,2
199673,20250706,2
199673,20250815,2
199673,20251101,2
199673,20251102,2
199673,20251224,2
199673,20251225,2
199673,20251226,2
194621,20260401,1
194621,20260101,1
194621,20260216,1
194621,20260311,1
194621,20260501,1
194621,20250624,1
194621,20250706,1
194621,20250815,1
194621,20251101,1
194621,20251102,1
194621,20251224,1
194621,20251225,1
194621,20251226,1
195974,20260401,2
195974,20260101,2
195974,20260216,2
195974,20260311,2
195974,20260501,2
195974,20250624,2
195974,20250706,2
195974,20250815,2
195974,20251101,2
195974,20251102,2
195974,20251224,2
195974,20251225,2
195974,20251226,2
210029,20260401,2
210029,20260101,2
210029,20260216,2
210029,20260311,2
210029,20260501,2
210029,20250624,2
210029,20250706,2
210029,20250815,2
210029,20251101,2
210029,20251102,2
210029,20251224,2
210029,20251225,2
210029,20251226,2
194622,20260401,1
194622,20260101,1
194622,20260216,1
194622,20260311,1
194622,20260501,1
194622,20250624,1
194622,20250706,1
194622,20250815,1
194622,20251101,1
194622,20251102,1
194622,20251224,1
194622,20251225,1
194622,20251226,1
195973,20260401,2
195973,20260101,2
195973,20260216,2
195973,20260311,2
195973,20260501,2
195973,20250624,2
195973,20250706,2
195973,20250815,2
195973,20251101,2
195973,20251102,2
195973,20251224,2
195973,20251225,2
195973,20251226,2
194623,20260401,1
194623,20260101,1
194623,20260216,1
194623,20260311,1
194623,20260501,1
194623,20250624,1
194623,20250706,1
194623,20250815,1
194623,20251101,1
194623,20251102,1
194623,20251224,1
194623,20251225,1
194623,20251226,1
196391,20260401,2
196391,20260101,2
196391,20260216,2
196391,20260311,2
196391,20260501,2
196391,20250624,2
196391,20250706,2
196391,20250815,2
196391,20251101,2
196391,20251102,2
196391,20251224,2
196391,20251225,2
196391,20251226,2
194624,20260401,1
194624,20260101,1
194624,20260216,1
194624,20260311,1
194624,20260501,1
194624,20250624,1
194624,20250706,1
194624,20250815,1
194624,20251101,1
194624,20251102,1
194624,20251224,1
194624,20251225,1
194624,20251226,1
196520,20260401,2
196520,20260101,2
196520,20260216,2
196520,20260311,2
196520,20260501,2
196520,20250624,2
196520,20250706,2
196520,20250815,2
196520,20251101,2
196520,20251102,2
196520,20251224,2
196520,20251225,2
196520,20251226,2
207635,20260401,2
207635,20260101,2
207635,20260216,2
207635,20260311,2
207635,20260501,2
207635,20250624,2
207635,20250706,2
207635,20250815,2
207635,20251101,2
207635,20251102,2
207635,20251224,2
207635,20251225,2
207635,20251226,2
194688,20260401,1
194688,20260101,1
194688,20260216,1
194688,20260311,1
194688,20260501,1
194688,20250624,1
194688,20250706,1
194688,20250815,1
194688,20251101,1
194688,20251102,1
194688,20251224,1
194688,20251225,1
194688,20251226,1
194689,20260401,1
194689,20260101,1
194689,20260216,1
194689,20260311,1
194689,20260501,1
194689,20250624,1
194689,20250706,1
194689,20250815,1
194689,20251101,1
194689,20251102,1
194689,20251224,1
194689,20251225,1
194689,20251226,1
195980,20260401,2
195980,20260101,2
195980,20260216,2
195980,20260311,2
195980,20260501,2
195980,20250624,2
195980,20250706,2
195980,20250815,2
195980,20251101,2
195980,20251102,2
195980,20251224,2
195980,20251225,2
195980,20251226,2
203202,20260401,2
203202,20260101,2
203202,20260216,2
203202,20260311,2
203202,20260501,2
203202,20250624,2
203202,20250706,2
203202,20250815,2
203202,20251101,2
203202,20251102,2
203202,20251224,2
203202,20251225,2
203202,20251226,2
194690,20260401,1
194690,20260101,1
194690,20260216,1
194690,20260311,1
194690,20260501,1
194690,20250624,1
194690,20250706,1
194690,20250815,1
194690,20251101,1
194690,20251102,1
194690,20251224,1
194690,20251225,1
194690,20251226,1
194691,20260401,1
194691,20260101,1
194691,20260216,1
194691,20260311,1
194691,20260501,1
194691,20250624,1
194691,20250706,1
194691,20250815,1
194691,20251101,1
194691,20251102,1
194691,20251224,1
194691,20251225,1
194691,20251226,1
196389,20260401,2
196389,20260101,2
196389,20260216,2
196389,20260311,2
196389,20260501,2
196389,20250624,2
196389,20250706,2
196389,20250815,2
196389,20251101,2
196389,20251102,2
196389,20251224,2
196389,20251225,2
196389,20251226,2
194692,20260401,1
194692,20260101,1
194692,20260216,1
194692,20260311,1
194692,20260501,1
194692,20250624,1
194692,20250706,1
194692,20250815,1
194692,20251101,1
194692,20251102,1
194692,20251224,1
194692,20251225,1
194692,20251226,1
195981,20260401,2
195981,20260101,2
195981,20260216,2
195981,20260311,2
195981,20260501,2
195981,20250624,2
195981,20250706,2
195981,20250815,2
195981,20251101,2
195981,20251102,2
195981,20251224,2
195981,20251225,2
195981,20251226,2
194693,20260401,1
194693,20260101,1
194693,20260216,1
194693,20260311,1
194693,20260501,1
194693,20250624,1
194693,20250706,1
194693,20250815,1
194693,20251101,1
194693,20251102,1
194693,20251224,1
194693,20251225,1
194693,20251226,1
196383,20260401,2
196383,20260101,2
196383,20260216,2
196383,20260311,2
196383,20260501,2
196383,20250624,2
196383,20250706,2
196383,20250815,2
196383,20251101,2
196383,20251102,2
196383,20251224,2
196383,20251225,2
196383,20251226,2
194694,20260401,1
194694,20260101,1
194694,20260216,1
194694,20260311,1
194694,20260501,1
194694,20250624,1
194694,20250706,1
194694,20250815,1
194694,20251101,1
194694,20251102,1
194694,20251224,1
194694,20251225,1
194694,20251226,1
196384,20260401,2
196384,20260101,2
196384,20260216,2
196384,20260311,2
196384,20260501,2
196384,20250624,2
196384,20250706,2
196384,20250815,2
196384,20251101,2
196384,20251102,2
196384,20251224,2
196384,20251225,2
196384,20251226,2
194695,20260401,1
194695,20260101,1
194695,20260216,1
194695,20260311,1
194695,20260501,1
194695,20250624,1
194695,20250706,1
194695,20250815,1
194695,20251101,1
194695,20251102,1
194695,20251224,1
194695,20251225,1
194695,20251226,1
196208,20260401,2
196208,20260101,2
196208,20260216,2
196208,20260311,2
196208,20260501,2
196208,20250624,2
196208,20250706,2
196208,20250815,2
196208,20251101,2
196208,20251102,2
196208,20251224,2
196208,20251225,2
196208,20251226,2
194696,20260401,1
194696,20260101,1
194696,20260216,1
194696,20260311,1
194696,20260501,1
194696,20250624,1
194696,20250706,1
194696,20250815,1
194696,20251101,1
194696,20251102,1
194696,20251224,1
194696,20251225,1
194696,20251226,1
196209,20260401,2
196209,20260101,2
196209,20260216,2
196209,20260311,2
196209,20260501,2
196209,20250624,2
196209,20250706,2
196209,20250815,2
196209,20251101,2
196209,20251102,2
196209,20251224,2
196209,20251225,2
196209,20251226,2