service_id,monday,tuesday,wednesday,thursday,friday,saturday,sunday,start_date,end_date
195136,1,1,1,1,1,0,0,20240902,20260501
192103,0,0,0,0,0,1,1,20240630,20260501
195265,1,1,1,1,1,0,0,20240902,20260501
173162,0,0,0,0,0,1,1,20230902,20260501
195267,1,1,1,1,1,0,0,20240902,20260501
172691,0,0,0,0,0,1,1,20230902,20260501
198437,1,1,1,1,1,0,0,20240923,20260501
201275,1,1,1,1,1,0,0,20241202,20260501
196136,0,0,0,0,0,1,1,20240907,20260501
195269,1,1,1,1,1,0,0,20240902,20260501
211773,1,1,1,1,1,0,0,20250411,20260501
199172,1,1,1,1,1,0,0,20241202,20260501
199171,1,1,1,1,1,0,0,20241202,20260501
174884,0,0,0,0,0,1,1,20230311,20260501
210210,0,0,0,0,0,1,1,20250405,20260501
210208,1,1,1,1,1,0,0,20250402,20260501
210209,1,1,1,1,1,0,0,20250402,20260501
207570,1,1,1,1,1,0,0,20250317,20260501
199035,0,0,0,0,0,1,1,20241005,20260501
195571,1,1,1,1,1,0,0,20240902,20260501
147920,0,0,0,0,0,1,1,20220903,20260501
195572,1,1,1,1,1,0,0,20240902,20260501
210349,0,0,0,0,0,0,1,20250406,20260501
209040,0,0,0,0,0,1,0,20250405,20260501
209583,1,0,0,0,0,0,0,20250401,20260501
209582,0,1,0,0,0,0,0,20250401,20260501
209581,0,0,1,0,0,0,0,20250401,20260501
209584,0,0,0,1,0,0,0,20250401,20260501
209585,0,0,0,0,1,0,0,20250401,20260501
210212,1,1,1,1,1,0,0,20250402,20260501
203352,1,1,1,1,1,0,0,20241216,20260501
198158,1,1,1,1,1,0,0,20241001,20260501
186297,0,0,0,0,0,1,1,20240330,20260501
210719,1,1,1,1,1,0,0,20250422,20260501
211166,0,0,0,0,0,1,1,20250419,20260501
195576,1,1,1,1,1,0,0,20240902,20260501
172700,0,0,0,0,0,1,1,20230902,20260501
195596,1,1,1,1,1,0,0,20240902,20260501
182602,0,0,0,0,0,1,1,20240203,20260501
195580,1,1,1,1,1,0,0,20240902,20260501
208516,1,1,1,1,1,0,0,20250303,20260501
208006,0,0,0,0,0,1,1,20250301,20260501
195582,1,1,1,1,1,0,0,20240902,20260501
158097,0,0,0,0,0,1,1,20230107,20260501
195583,1,1,1,1,1,0,0,20240902,20260501
191315,0,0,0,0,0,1,1,20240601,20260501
208515,1,1,1,1,1,0,0,20250303,20260501
208007,0,0,0,0,0,1,1,20250301,20260501
195585,1,1,1,1,1,0,0,20240902,20260501
195586,1,1,1,1,1,0,0,20240902,20260501
199166,1,1,1,1,1,0,0,20241104,20260501
192453,0,0,0,0,0,1,1,20240629,20260501
198607,1,1,1,1,1,0,0,20241001,20260501
184137,0,0,0,0,0,1,1,20240224,20260501
195589,1,1,1,1,1,0,0,20240902,20260501
184063,0,0,0,0,0,1,1,20240224,20260501
211774,1,1,1,1,1,0,0,20250411,20260501
174882,0,0,0,0,0,1,1,20230624,20260501
195590,1,1,1,1,1,0,0,20240903,20260501
182209,0,0,0,0,0,1,1,20240203,20260501
181917,1,1,1,1,1,0,0,20240129,20260501
181918,0,0,0,0,0,1,1,20240203,20260501
181916,0,0,0,0,0,1,1,20240203,20260501
181915,1,1,1,1,1,0,0,20240129,20260501
205501,0,0,0,0,0,1,1,20250104,20260501
205500,1,1,1,1,1,0,0,20250103,20260501
206683,0,0,0,0,0,1,1,20250201,20260501
202389,1,1,1,1,1,0,0,20250127,20260501
203279,1,1,1,1,1,0,0,20241216,20260501
198365,0,0,0,0,0,1,1,20241005,20260501
210788,0,0,0,1,0,0,0,20250508,20260501
210787,0,1,0,0,0,0,0,20250506,20260501
194178,0,0,0,0,0,1,1,20240727,20260501
206751,0,0,0,0,0,1,1,20250208,20260501
206749,1,1,1,1,1,0,0,20250203,20260501
209429,1,1,1,1,1,0,0,20250317,20260501
198363,0,0,0,0,0,1,1,20241005,20260501
195594,1,1,1,1,1,0,0,20240902,20260501
192295,0,0,0,0,0,1,1,20240629,20260501
202257,1,1,1,1,1,0,0,20241202,20260501
165270,0,0,0,0,0,1,1,20230624,20260501
204595,0,0,0,0,0,1,1,20250104,20260501
204594,1,1,1,1,1,0,0,20250102,20260501
202021,1,1,1,1,1,0,0,20241118,20260501
185405,0,0,0,0,0,1,1,20240501,20260501
199673,1,1,1,1,1,0,0,20241104,20260501
194621,0,0,0,0,0,1,1,20240914,20260501
195974,1,1,1,1,1,0,0,20240903,20260501
210029,1,1,1,1,1,0,0,20240902,20260501
194622,0,0,0,0,0,1,1,20240907,20260501
195973,1,1,1,1,1,0,0,20240902,20260501
194623,0,0,0,0,0,1,1,20240907,20260501
196391,1,1,1,1,1,0,0,20240902,20260501
194624,0,0,0,0,0,1,1,20240907,20260501
196520,1,1,1,1,1,0,0,20240903,20260501
207635,1,1,1,1,1,0,0,20250303,20260501
194688,0,0,0,0,0,1,1,20240907,20260501
194689,0,0,0,0,0,1,1,20240907,20260501
195980,1,1,1,1,1,0,0,20240902,20260501
203202,1,1,1,1,1,0,0,20241216,20260501
194690,0,0,0,0,0,1,1,20240907,20260501
194691,0,0,0,0,0,1,1,20240907,20260501
196389,1,1,1,1,1,0,0,20240902,20260501
194692,0,0,0,0,0,1,1,20240907,20260501
195981,1,1,1,1,1,0,0,20240902,20260501
194693,0,0,0,0,0,1,1,20240907,20260501
196383,1,1,1,1,1,0,0,20240903,20260501
194694,0,0,0,0,0,1,1,20240907,20260501
196384,1,1,1,1,1,0,0,20240903,20260501
194695,0,0,0,0,0,1,1,20240907,20260501
196208,1,1,1,1,1,0,0,20240902,20260501
194696,0,0,0,0,0,1,1,20240907,20260501
196209,1,1,1,1,1,0,0,20240902,20260501